f_0 = 0.018;
R = 2.71;
K = 0.053;
J = 0.001118;
Beta = 0.00036;
max_voltage = 13.3;
gear_ratio = 25;