f_0 = 0.0018;
R = 2.71;
K = 0.0053;
J = 0.0001118;
Beta = 0.00013;